12818708343,276872105,arisha1999,arisha1999/plan_resource,PushEvent
