12818739385,274234488,lavaboy1738,lavaboy1738/Savantloup,PushEvent
