12818431117,252154931,kawamataryo,kawamataryo/reading-log,PushEvent
