12818750854,112405519,dependabot-preview[bot],austinpray/kaori,PushEvent
