12818437316,262018032,luisbtejada,luisbtejada/test1,PushEvent
