12818769528,212686139,j0araya,Sophia-Sergio/spec-atelier,PushEvent
